1 1 0 0 -1549 3.43200
1 2 0 1 -1421 1.20100
1 3 0 2 -1628 6.30800
1 4 0 3 -1428 1.27700
1 5 0 4 -1227 0.20000
1 6 0 5 -1555 3.60300
1 7 0 6 -1453 1.56900
1 8 0 7 -1669 8.57600
1 9 0 8 -1227 0.20000
1 10 0 9 -1227 0.20000
1 18 1 0 -1322 0.49400
1 19 1 1 -1369 0.76000
1 20 1 2 -1355 0.66800
1 21 1 3 -1171 0.11300
1 22 1 4 -1408 1.07500
1 23 1 5 -1584 4.51900
1 24 1 6 -1439 1.40200
1 25 1 7 -1532 3.00200
1 26 1 8 -1543 3.29800
1 27 1 9 -1391 0.92600
1 28 1 10 -1400 1.00000
1 35 2 0 -1199 0.15100
1 36 2 1 -1272 0.31000
1 37 2 2 -1317 0.47300
1 38 2 3 -1226 0.19800
1 39 2 4 -1396 0.96800
1 40 2 5 -1319 0.48200
1 41 2 6 -1260 0.27700
1 42 2 7 -1421 1.19900
1 43 2 8 -1293 0.37700
1 44 2 9 -1337 0.57100
1 45 2 10 -1383 0.86200
1 46 2 11 -1474 1.87000
1 52 3 0 -1384 0.86800
1 53 3 1 -1183 0.12800
1 54 3 2 -1181 0.12500
1 55 3 3 -1306 0.42900
1 56 3 4 -1215 0.17600
1 57 3 5 -1298 0.39800
1 58 3 6 -1304 0.42000
1 59 3 7 -1259 0.27200
1 60 3 8 -1227 0.20000
1 61 3 9 -1456 1.62200
1 62 3 10 -1616 5.79200
1 63 3 11 -1554 3.57700
1 64 3 12 -1646 7.25900
1 69 4 0 -1309 0.44100
1 70 4 1 -1311 0.44800
1 71 4 2 -1227 0.20000
1 72 4 3 -1393 0.93900
1 73 4 4 -1400 1.00000
1 74 4 5 -1178 0.12100
1 75 4 6 -1275 0.31800
1 76 4 7 -1309 0.43900
1 77 4 8 -1176 0.11900
1 78 4 9 -1411 1.10200
1 79 4 10 -1227 0.20000
1 80 4 11 -1227 0.20000
1 81 4 12 -1400 1.00000
1 82 4 13 -1639 6.87100
1 86 5 0 -1361 0.70800
1 87 5 1 -1172 0.11400
1 88 5 2 -1243 0.23400
1 89 5 3 -1229 0.20300
1 90 5 4 -1335 0.56000
1 91 5 5 -1265 0.29000
1 92 5 6 -1452 1.56400
1 93 5 7 -1402 1.01500
1 94 5 8 -1406 1.05000
1 95 5 9 -1780 18.91200
1 96 5 10 -1227 0.20000
1 97 5 11 -1400 1.00000
1 98 5 12 -1169 0.11000
1 99 5 13 -1161 0.10100
1 100 5 14 -1673 8.80700
1 103 6 0 -1226 0.19700
1 104 6 1 -1117 0.06300
1 105 6 2 -1188 0.13400
1 106 6 3 -1106 0.05600
1 107 6 4 -1179 0.12200
1 108 6 5 -1258 0.27000
1 109 6 6 -1436 1.36900
1 110 6 7 -1361 0.70900
1 111 6 8 -1227 0.20000
1 112 6 9 -1227 0.20000
1 113 6 10 -1170 0.11100
1 114 6 11 -1758 16.16000
1 115 6 12 -1166 0.10700
1 116 6 13 -1800 21.67700
1 117 6 14 -1377 0.81600
1 118 6 15 -1501 2.34200
1 120 7 0 -1189 0.13500
1 121 7 1 -1254 0.26100
1 122 7 2 -1251 0.25300
1 123 7 3 -1297 0.39100
1 124 7 4 -1335 0.56000
1 125 7 5 -1290 0.36800
1 126 7 6 -1353 0.65700
1 127 7 7 -1303 0.41600
1 128 7 8 -1267 0.29500
1 129 7 9 -1259 0.27400
1 130 7 10 -1665 8.31200
1 131 7 11 -1671 8.70600
1 132 7 12 -1331 0.53800
1 133 7 13 -1691 10.10100
1 134 7 14 -1637 6.75500
1 135 7 15 -1400 1.00000
1 136 7 16 -1694 10.29500
1 137 8 0 -1365 0.73500
1 138 8 1 -1353 0.65800
1 139 8 2 -1313 0.45600
1 140 8 3 -1227 0.20000
1 141 8 4 -1278 0.32800
1 142 8 5 -1373 0.78900
1 143 8 6 -1333 0.54800
1 144 8 7 -1351 0.64700
1 145 8 8 -1339 0.57800
1 146 8 9 -1430 1.29600
1 147 8 10 -1366 0.74100
1 148 8 11 -1294 0.38100
1 149 8 12 -1290 0.36600
1 150 8 13 -1389 0.90700
1 151 8 14 -1367 0.74700
1 152 8 15 -1384 0.87000
1 153 8 16 -1617 5.81600
1 162 9 8 -1423 1.22500
1 163 9 9 -1343 0.60100
1 164 9 10 -1320 0.48800
1 165 9 11 -1492 2.17300
1 166 9 12 -1352 0.65400
1 167 9 13 -1450 1.54000
1 168 9 14 -1689 9.93400
1 169 9 15 -1649 7.39900
1 170 9 16 -1639 6.87400
1 179 10 8 -1365 0.73500
1 180 10 9 -1525 2.84200
1 181 10 10 -1404 1.03400
1 182 10 11 -1490 2.14100
1 183 10 12 -1511 2.54700
1 184 10 13 -1463 1.71700
1 185 10 14 -1390 0.91600
1 186 10 15 -1430 1.29300
1 187 10 16 -1688 9.87400
1 196 11 8 -1499 2.31000
1 197 11 9 -1361 0.70800
1 198 11 10 -1544 3.30300
1 199 11 11 -1487 2.09100
1 200 11 12 -1461 1.68900
1 201 11 13 -1481 1.98400
1 202 11 14 -1294 0.38300
1 203 11 15 -1474 1.87800
1 204 11 16 -1650 7.45300
1 213 12 8 -1391 0.92300
1 214 12 9 -1372 0.77800
1 215 12 10 -1356 0.67800
1 216 12 11 -1313 0.45600
1 217 12 12 -1345 0.61100
1 218 12 13 -1369 0.75800
1 219 12 14 -1470 1.82000
1 220 12 15 -1534 3.05700
1 221 12 16 -1387 0.89300
1 230 13 8 -1433 1.33200
1 231 13 9 -1400 0.99900
1 232 13 10 -1367 0.75000
1 233 13 11 -1414 1.12700
1 234 13 12 -1554 3.58700
1 235 13 13 -1384 0.86600
1 236 13 14 -1379 0.82900
1 237 13 15 -1309 0.44100
1 238 13 16 -1651 7.51000
1 247 14 8 -1483 2.01500
1 248 14 9 -1351 0.64700
1 249 14 10 -1352 0.65200
1 250 14 11 -1344 0.60700
1 251 14 12 -1424 1.23200
1 252 14 13 -1538 3.15700
1 253 14 14 -1404 1.04000
1 254 14 15 -1458 1.64400
1 255 14 16 -1544 3.31700
1 264 15 8 -1390 0.91800
1 265 15 9 -1337 0.56800
1 266 15 10 -1415 1.14100
1 267 15 11 -1321 0.49100
1 268 15 12 -1410 1.09400
1 269 15 13 -1401 1.00800
1 270 15 14 -1463 1.71700
1 271 15 15 -1453 1.57900
1 272 15 16 -1475 1.90000
1 281 16 8 -1316 0.47100
1 282 16 9 -1586 4.60500
1 283 16 10 -1350 0.64100
1 284 16 11 -1334 0.55200
1 285 16 12 -1345 0.61500
1 286 16 13 -1279 0.33000
1 287 16 14 -1365 0.73500
1 288 16 15 -1431 1.31100
1 289 16 16 -1667 8.44000
1 298 17 8 -1520 2.72400
1 299 17 9 -1387 0.89100
1 300 17 10 -1449 1.51700
1 301 17 11 -1372 0.78100
1 302 17 12 -1326 0.51600
1 303 17 13 -1317 0.47500
1 304 17 14 -1298 0.39800
1 305 17 15 -1302 0.41000
1 306 17 16 -1608 5.44100
1 315 18 8 -1491 2.15400
1 316 18 9 -1392 0.92900
1 317 18 10 -1452 1.56800
1 318 18 11 -1320 0.48800
1 319 18 12 -1345 0.61200
1 320 18 13 -1462 1.69500
1 321 18 14 -1339 0.57900
1 322 18 15 -1509 2.51100
1 323 18 16 -1468 1.78000
1 332 19 8 -1338 0.57600
1 333 19 9 -1263 0.28400
1 334 19 10 -1304 0.42100
1 335 19 11 -1500 2.31900
1 336 19 12 -1201 0.15400
1 337 19 13 -1498 2.28100
1 338 19 14 -1316 0.46900
1 339 19 15 -1384 0.86900
1 340 19 16 -1325 0.51000
1 349 20 8 -1364 0.72400
1 350 20 9 -1458 1.64600
1 351 20 10 -1260 0.27500
1 352 20 11 -1191 0.13800
1 353 20 12 -1263 0.28500
1 354 20 13 -1412 1.11000
1 355 20 14 -1216 0.17800
1 356 20 15 -1504 2.39900
1 357 20 16 -1435 1.35200
1 366 21 8 -1341 0.59200
1 367 21 9 -1215 0.17700
1 368 21 10 -1418 1.17400
1 369 21 11 -1297 0.39400
1 370 21 12 -1262 0.28000
1 371 21 13 -1328 0.52300
1 372 21 14 -1357 0.68400
1 373 21 15 -1388 0.90100
1 374 21 16 -1514 2.61300
1 383 22 8 -1260 0.27500
1 384 22 9 -1203 0.15600
1 385 22 10 -1316 0.46800
1 386 22 11 -1424 1.23200
1 387 22 12 -1268 0.29700
1 388 22 13 -1285 0.35000
1 389 22 14 -1431 1.30700
1 390 22 15 -1456 1.62200
1 391 22 16 -1274 0.31700
1 400 23 8 -1397 0.97000
1 401 23 9 -1373 0.78600
1 402 23 10 -1303 0.41400
1 403 23 11 -1299 0.39900
1 404 23 12 -1094 0.04900
1 405 23 13 -1354 0.66600
1 406 23 14 -1236 0.21800
1 407 23 15 -1499 2.29800
1 408 23 16 -1396 0.96500
1 417 24 8 -1309 0.43900
1 418 24 9 -1206 0.16100
1 419 24 10 -1308 0.43600
1 420 24 11 -1409 1.08200
1 421 24 12 -1310 0.44500
1 422 24 13 -1425 1.24500
1 423 24 14 -1259 0.27200
1 424 24 15 -1360 0.70400
1 425 24 16 -1408 1.06900
1 426 25 0 -1353 0.65700
1 427 25 1 -1400 1.00300
1 428 25 2 -1448 1.50700
1 429 25 3 -1416 1.14500
1 430 25 4 -1447 1.49900
1 431 25 5 -1357 0.68100
1 432 25 6 -1473 1.86400
1 433 25 7 -1392 0.93200
1 434 25 8 -1290 0.36800
1 435 25 9 -1427 1.26500
1 436 25 10 -1359 0.69300
1 437 25 11 -1328 0.52300
1 438 25 12 -1343 0.60000
1 439 25 13 -1208 0.16500
1 440 25 14 -1496 2.25400
1 441 25 15 -1266 0.29200
1 442 25 16 -1349 0.63800
1 443 26 0 -1383 0.86000
1 444 26 1 -1482 2.00000
1 445 26 2 -1299 0.40000
1 446 26 3 -1353 0.66000
1 447 26 4 -1263 0.28300
1 448 26 5 -1378 0.82600
1 449 26 6 -1362 0.71300
1 450 26 7 -1401 1.01200
1 451 26 8 -1296 0.38900
1 452 26 9 -1198 0.14900
1 453 26 10 -1224 0.19400
1 454 26 11 -1316 0.47000
1 455 26 12 -1329 0.52800
1 456 26 13 -1348 0.62800
1 457 26 14 -1379 0.83200
1 458 26 15 -1365 0.73600
1 459 26 16 -1454 1.59500
1 460 27 0 -1370 0.76600
1 461 27 1 -1189 0.13600
1 462 27 2 -1309 0.44100
1 463 27 3 -1400 0.99800
1 464 27 4 -1242 0.23100
1 465 27 5 -1336 0.56500
1 466 27 6 -1333 0.55100
1 467 27 7 -1301 0.40700
1 468 27 8 -1250 0.24900
1 469 27 9 -1405 1.04800
1 470 27 10 -1284 0.34600
1 471 27 11 -1156 0.09600
1 472 27 12 -1179 0.12200
1 473 27 13 -1312 0.45300
1 474 27 14 -1400 1.00000
1 475 27 15 -1438 1.38900
1 477 28 0 -1098 0.05100
1 478 28 1 -1326 0.51600
1 479 28 2 -1108 0.05700
1 480 28 3 -1239 0.22500
1 481 28 4 -1215 0.17700
1 482 28 5 -1329 0.52700
1 483 28 6 -1385 0.87800
1 484 28 7 -1128 0.07100
1 485 28 8 -1437 1.37500
1 486 28 9 -1163 0.10400
1 487 28 10 -1171 0.11200
1 488 28 11 -1218 0.18300
1 489 28 12 -1273 0.31200
1 490 28 13 -1430 1.29700
1 491 28 14 -1514 2.61400
1 494 29 0 -1335 0.55700
1 495 29 1 -1391 0.92600
1 496 29 2 -1202 0.15500
1 497 29 3 -1163 0.10300
1 498 29 4 -1321 0.49200
1 499 29 5 -1152 0.09200
1 500 29 6 -1241 0.22900
1 501 29 7 -1163 0.10400
1 502 29 8 -1308 0.43700
1 503 29 9 -1309 0.44100
1 504 29 10 -1177 0.12000
1 505 29 11 -1298 0.39700
1 506 29 12 -1311 0.44900
1 507 29 13 -1442 1.44000
1 511 30 0 -1241 0.22900
1 512 30 1 -1292 0.37500
1 513 30 2 -1163 0.10300
1 514 30 3 -1285 0.35200
1 515 30 4 -1208 0.16500
1 516 30 5 -1249 0.24800
1 517 30 6 -1237 0.21900
1 518 30 7 -1327 0.52100
1 519 30 8 -1253 0.25800
1 520 30 9 -1392 0.93500
1 521 30 10 -1223 0.19100
1 522 30 11 -1387 0.89000
1 523 30 12 -1263 0.28400
1 528 31 0 -1281 0.33900
1 529 31 1 -1197 0.14700
1 530 31 2 -1162 0.10200
1 531 31 3 -1173 0.11500
1 532 31 4 -1179 0.12200
1 533 31 5 -1343 0.60100
1 534 31 6 -1265 0.28800
1 535 31 7 -1242 0.23100
1 536 31 8 -1169 0.11000
1 537 31 9 -1360 0.70300
1 538 31 10 -1345 0.61000
1 539 31 11 -1193 0.14200
1 545 32 0 -1186 0.13200
1 546 32 1 -1273 0.31300
1 547 32 2 -1283 0.34500
1 548 32 3 -1385 0.87900
1 549 32 4 -1154 0.09400
1 550 32 5 -1198 0.14900
1 551 32 6 -1337 0.56700
1 552 32 7 -1257 0.26800
1 553 32 8 -1208 0.16500
1 554 32 9 -1248 0.24600
1 555 32 10 -1271 0.30600
1 562 33 0 -1295 0.38700
1 563 33 1 -1139 0.08000
1 564 33 2 -1317 0.47200
1 565 33 3 -1124 0.06800
1 566 33 4 -1092 0.04800
1 567 33 5 -1355 0.67000
1 568 33 6 -1355 0.67300
1 569 33 7 -1322 0.49500
1 570 33 8 -1184 0.12900
1 571 33 9 -1265 0.29000
2 1 0 0 -1574 4.19400
2 2 0 1 -1570 4.04900
2 3 0 2 -1645 7.19000
2 4 0 3 -1535 3.08100
2 5 0 4 -1584 4.52200
2 6 0 5 -1596 4.98100
2 7 0 6 -1661 8.10600
2 8 0 7 -1615 5.72300
2 9 0 8 -1594 4.89200
2 10 0 9 -1666 8.42300
2 18 1 0 -1282 0.34200
2 19 1 1 -1201 0.15300
2 20 1 2 -1238 0.22300
2 21 1 3 -1285 0.34900
2 22 1 4 -1312 0.45000
2 23 1 5 -1408 1.07600
2 24 1 6 -1468 1.78200
2 25 1 7 -1319 0.48300
2 26 1 8 -1430 1.29400
2 27 1 9 -1395 0.96000
2 28 1 10 -1406 1.05100
2 35 2 0 -1263 0.28400
2 36 2 1 -1388 0.90100
2 37 2 2 -1417 1.15900
2 38 2 3 -1355 0.67200
2 39 2 4 -1246 0.24000
2 40 2 5 -1270 0.30500
2 41 2 6 -1461 1.68600
2 42 2 7 -1363 0.72000
2 43 2 8 -1316 0.46800
2 44 2 9 -1527 2.89900
2 45 2 10 -1654 7.68700
2 46 2 11 -1626 6.21400
2 52 3 0 -1399 0.99000
2 53 3 1 -1233 0.21200
2 54 3 2 -1318 0.48000
2 55 3 3 -1243 0.23300
2 56 3 4 -1231 0.20800
2 57 3 5 -1271 0.30700
2 58 3 6 -1391 0.92500
2 59 3 7 -1433 1.32600
2 60 3 8 -1448 1.50400
2 61 3 9 -1526 2.86200
2 62 3 10 -1624 6.15600
2 63 3 11 -1391 0.92300
2 64 3 12 -1357 0.68000
2 69 4 0 -1389 0.91000
2 70 4 1 -1330 0.53600
2 71 4 2 -1186 0.13100
2 72 4 3 -1217 0.18100
2 73 4 4 -1307 0.43000
2 74 4 5 -1232 0.21000
2 75 4 6 -1689 9.94300
2 76 4 7 -1379 0.83200
2 77 4 8 -1347 0.62600
2 78 4 9 -1384 0.86600
2 79 4 10 -1513 2.57500
2 80 4 11 -1446 1.48700
2 81 4 12 -1346 0.61700
2 82 4 13 -1511 2.54700
2 86 5 0 -1322 0.49500
2 87 5 1 -1180 0.12300
2 88 5 2 -1302 0.41100
2 89 5 3 -1395 0.95400
2 90 5 4 -1169 0.11000
2 91 5 5 -1382 0.85200
2 92 5 6 -1201 0.15300
2 93 5 7 -1374 0.79400
2 94 5 8 -1422 1.20900
2 95 5 9 -1507 2.45600
2 96 5 10 -1459 1.65800
2 97 5 11 -1295 0.38700
2 98 5 12 -1395 0.95300
2 99 5 13 -1644 7.14800
2 100 5 14 -1523 2.79300
2 103 6 0 -1369 0.76200
2 104 6 1 -1182 0.12600
2 105 6 2 -1235 0.21500
2 106 6 3 -1268 0.29900
2 107 6 4 -1374 0.79700
2 108 6 5 -1226 0.19700
2 109 6 6 -1338 0.57600
2 110 6 7 -1299 0.40000
2 111 6 8 -1242 0.23200
2 112 6 9 -1422 1.21400
2 113 6 10 -1405 1.04300
2 114 6 11 -1380 0.84200
2 115 6 12 -1248 0.24500
2 116 6 13 -1363 0.72300
2 117 6 14 -1249 0.24700
2 118 6 15 -1677 9.11300
2 120 7 0 -1212 0.17100
2 121 7 1 -1273 0.31200
2 122 7 2 -1334 0.55500
2 123 7 3 -1160 0.10000
2 124 7 4 -1108 0.05700
2 125 7 5 -1321 0.49000
2 126 7 6 -1211 0.17000
2 127 7 7 -1358 0.69000
2 128 7 8 -1525 2.84100
2 129 7 9 -1547 3.38200
2 130 7 10 -1423 1.22200
2 131 7 11 -1356 0.67500
2 132 7 12 -1571 4.10800
2 133 7 13 -1516 2.64400
2 134 7 14 -1400 0.99900
2 135 7 15 -1550 3.46900
2 136 7 16 -1612 5.62100
2 137 8 0 -1240 0.22600
2 138 8 1 -1504 2.40000
2 139 8 2 -1226 0.19800
2 140 8 3 -1304 0.41800
2 141 8 4 -1306 0.42800
2 142 8 5 -1406 1.05400
2 143 8 6 -1483 2.03000
2 144 8 7 -1559 3.73000
2 145 8 8 -1337 0.57000
2 146 8 9 -1569 4.02300
2 147 8 10 -1352 0.65400
2 148 8 11 -1422 1.20800
2 149 8 12 -1545 3.32600
2 150 8 13 -1348 0.63000
2 151 8 14 -1431 1.30900
2 152 8 15 -1523 2.80100
2 153 8 16 -1539 3.19200
2 162 9 8 -1486 2.07400
2 163 9 9 -1364 0.72900
2 164 9 10 -1279 0.33100
2 165 9 11 -1466 1.75000
2 166 9 12 -1519 2.70600
2 167 9 13 -1568 4.00200
2 168 9 14 -1456 1.62200
2 169 9 15 -1504 2.39900
2 170 9 16 -1429 1.28200
2 179 10 8 -1664 8.27500
2 180 10 9 -1327 0.52100
2 181 10 10 -1337 0.57200
2 182 10 11 -1306 0.42600
2 183 10 12 -1348 0.63100
2 184 10 13 -1419 1.18000
2 185 10 14 -1415 1.14200
2 186 10 15 -1488 2.11000
2 187 10 16 -1434 1.34500
2 196 11 8 -1570 4.05900
2 197 11 9 -1453 1.57200
2 198 11 10 -1387 0.88900
2 199 11 11 -1354 0.66700
2 200 11 12 -1373 0.78500
2 201 11 13 -1259 0.27200
2 202 11 14 -1518 2.69500
2 203 11 15 -1320 0.48600
2 204 11 16 -1673 8.85800
2 213 12 8 -1369 0.76200
2 214 12 9 -1467 1.77600
2 215 12 10 -1319 0.48300
2 216 12 11 -1442 1.43900
2 217 12 12 -1380 0.83700
2 218 12 13 -1473 1.86600
2 219 12 14 -1462 1.70300
2 220 12 15 -1224 0.19300
2 221 12 16 -1590 4.74700
2 230 13 8 -1542 3.25500
2 231 13 9 -1546 3.36900
2 232 13 10 -1325 0.50800
2 233 13 11 -1344 0.60700
2 234 13 12 -1512 2.55900
2 235 13 13 -1328 0.52500
2 236 13 14 -1358 0.68900
2 237 13 15 -1632 6.54400
2 238 13 16 -1647 7.28800
2 247 14 8 -1545 3.34300
2 248 14 9 -1395 0.95700
2 249 14 10 -1470 1.81100
2 250 14 11 -1435 1.35200
2 251 14 12 -1421 1.19600
2 252 14 13 -1503 2.37300
2 253 14 14 -1429 1.28100
2 254 14 15 -1526 2.87600
2 255 14 16 -1588 4.67800
2 264 15 8 -1426 1.25300
2 265 15 9 -1340 0.58600
2 266 15 10 -1388 0.90000
2 267 15 11 -1401 1.00600
2 268 15 12 -1334 0.55600
2 269 15 13 -1460 1.67500
2 270 15 14 -1332 0.54500
2 271 15 15 -1376 0.80900
2 272 15 16 -1446 1.47900
2 281 16 8 -1477 1.91900
2 282 16 9 -1277 0.32600
2 283 16 10 -1438 1.38600
2 284 16 11 -1644 7.11400
2 285 16 12 -1296 0.39000
2 286 16 13 -1317 0.47200
2 287 16 14 -1494 2.22200
2 288 16 15 -1500 2.32600
2 289 16 16 -1474 1.88500
2 298 17 8 -1293 0.37700
2 299 17 9 -1326 0.51400
2 300 17 10 -1302 0.41200
2 301 17 11 -1359 0.69600
2 302 17 12 -1337 0.57100
2 303 17 13 -1400 1.00300
2 304 17 14 -1451 1.55000
2 305 17 15 -1379 0.83300
2 306 17 16 -1413 1.12300
2 315 18 8 -1369 0.76300
2 316 18 9 -1386 0.88400
2 317 18 10 -1426 1.24800
2 318 18 11 -1322 0.49600
2 319 18 12 -1210 0.16800
2 320 18 13 -1338 0.57500
2 321 18 14 -1436 1.36200
2 322 18 15 -1506 2.43900
2 323 18 16 -1665 8.32200
2 332 19 8 -1299 0.39900
2 333 19 9 -1390 0.92000
2 334 19 10 -1305 0.42500
2 335 19 11 -1332 0.54400
2 336 19 12 -1332 0.54300
2 337 19 13 -1435 1.35600
2 338 19 14 -1351 0.64600
2 339 19 15 -1410 1.09000
2 340 19 16 -1633 6.58100
2 349 20 8 -1380 0.83800
2 350 20 9 -1451 1.54700
2 351 20 10 -1297 0.39400
2 352 20 11 -1429 1.28900
2 353 20 12 -1372 0.78200
2 354 20 13 -1414 1.13300
2 355 20 14 -1278 0.32800
2 356 20 15 -1443 1.44200
2 357 20 16 -1656 7.77800
2 366 21 8 -1570 4.07200
2 367 21 9 -1332 0.54400
2 368 21 10 -1453 1.58100
2 369 21 11 -1193 0.14100
2 370 21 12 -1343 0.60000
2 371 21 13 -1421 1.19900
2 372 21 14 -1349 0.63400
2 373 21 15 -1337 0.57000
2 374 21 16 -1618 5.86000
2 383 22 8 -1358 0.69000
2 384 22 9 -1465 1.74700
2 385 22 10 -1309 0.44100
2 386 22 11 -1284 0.34700
2 387 22 12 -1311 0.44800
2 388 22 13 -1256 0.26600
2 389 22 14 -1292 0.37500
2 390 22 15 -1556 3.63300
2 391 22 16 -1446 1.48500
2 400 23 8 -1351 0.64900
2 401 23 9 -1346 0.61900
2 402 23 10 -1103 0.05400
2 403 23 11 -1375 0.80300
2 404 23 12 -1362 0.71500
2 405 23 13 -1383 0.85800
2 406 23 14 -1506 2.43800
2 407 23 15 -1367 0.74400
2 408 23 16 -1537 3.12500
2 417 24 8 -1459 1.65900
2 418 24 9 -1433 1.33300
2 419 24 10 -1274 0.31600
2 420 24 11 -1384 0.86900
2 421 24 12 -1247 0.24400
2 422 24 13 -1405 1.04500
2 423 24 14 -1272 0.31000
2 424 24 15 -1417 1.16400
2 425 24 16 -1552 3.52300
2 426 25 0 -1685 9.63700
2 427 25 1 -1616 5.79000
2 428 25 2 -1544 3.30800
2 429 25 3 -1388 0.89700
2 430 25 4 -1776 18.40800
2 431 25 5 -1425 1.24000
2 432 25 6 -1506 2.45100
2 433 25 7 -1346 0.61700
2 434 25 8 -1272 0.30900
2 435 25 9 -1346 0.61600
2 436 25 10 -1333 0.54700
2 437 25 11 -1325 0.51000
2 438 25 12 -1276 0.32300
2 439 25 13 -1362 0.71300
2 440 25 14 -1299 0.40000
2 441 25 15 -1333 0.54800
2 442 25 16 -1617 5.84600
2 443 26 0 -1287 0.35800
2 444 26 1 -1281 0.33900
2 445 26 2 -1270 0.30500
2 446 26 3 -1345 0.61000
2 447 26 4 -1249 0.24700
2 448 26 5 -1408 1.06800
2 449 26 6 -1226 0.19800
2 450 26 7 -1260 0.27700
2 451 26 8 -1422 1.21400
2 452 26 9 -1322 0.49700
2 453 26 10 -1306 0.42800
2 454 26 11 -1322 0.49700
2 455 26 12 -1326 0.51500
2 456 26 13 -1424 1.22600
2 457 26 14 -1332 0.54600
2 458 26 15 -1433 1.32500
2 459 26 16 -1518 2.69700
2 460 27 0 -1294 0.38100
2 461 27 1 -1384 0.87100
2 462 27 2 -1222 0.18900
2 463 27 3 -1205 0.16000
2 464 27 4 -1177 0.12000
2 465 27 5 -1233 0.21200
2 466 27 6 -1490 2.14000
2 467 27 7 -1281 0.33700
2 468 27 8 -1177 0.12000
2 469 27 9 -1206 0.16100
2 470 27 10 -1177 0.12000
2 471 27 11 -1364 0.72800
2 472 27 12 -1170 0.11100
2 473 27 13 -1289 0.36300
2 474 27 14 -1215 0.17700
2 475 27 15 -1466 1.75200
2 477 28 0 -1542 3.27100
2 478 28 1 -1387 0.89400
2 479 28 2 -1379 0.82900
2 480 28 3 -1365 0.73200
2 481 28 4 -1269 0.30000
2 482 28 5 -1122 0.06700
2 483 28 6 -1179 0.12200
2 484 28 7 -1253 0.25700
2 485 28 8 -1237 0.22100
2 486 28 9 -1313 0.45800
2 487 28 10 -1310 0.44500
2 488 28 11 -1240 0.22700
2 489 28 12 -1249 0.24700
2 490 28 13 -1287 0.35700
2 491 28 14 -1353 0.65800
2 494 29 0 -1163 0.10400
2 495 29 1 -1328 0.52300
2 496 29 2 -1189 0.13500
2 497 29 3 -1477 1.92100
2 498 29 4 -1486 2.07500
2 499 29 5 -1592 4.82600
2 500 29 6 -1470 1.82300
2 501 29 7 -1496 2.24900
2 502 29 8 -1256 0.26600
2 503 29 9 -1216 0.17900
2 504 29 10 -1115 0.06200
2 505 29 11 -1345 0.61300
2 506 29 12 -1329 0.52900
2 507 29 13 -1468 1.78300
2 511 30 0 -1261 0.27900
2 512 30 1 -1305 0.42400
2 513 30 2 -1263 0.28500
2 514 30 3 -1184 0.12900
2 515 30 4 -1324 0.50500
2 516 30 5 -1301 0.40800
2 517 30 6 -1286 0.35300
2 518 30 7 -1186 0.13200
2 519 30 8 -1196 0.14600
2 520 30 9 -1282 0.34000
2 521 30 10 -1253 0.25700
2 522 30 11 -1355 0.66900
2 523 30 12 -1330 0.53400
2 528 31 0 -1237 0.22000
2 529 31 1 -1156 0.09600
2 530 31 2 -1170 0.11100
2 531 31 3 -1377 0.81500
2 532 31 4 -1165 0.10600
2 533 31 5 -1206 0.16200
2 534 31 6 -1297 0.39300
2 535 31 7 -1213 0.17400
2 536 31 8 -1237 0.21900
2 537 31 9 -1272 0.31100
2 538 31 10 -1344 0.60600
2 539 31 11 -1345 0.61400
2 545 32 0 -1086 0.04500
2 546 32 1 -1262 0.28100
2 547 32 2 -1198 0.14800
2 548 32 3 -1218 0.18300
2 549 32 4 -1320 0.48900
2 550 32 5 -1162 0.10200
2 551 32 6 -1180 0.12400
2 552 32 7 -1349 0.63500
2 553 32 8 -1329 0.53000
2 554 32 9 -1517 2.66800
2 555 32 10 -1366 0.74200
2 562 33 0 -1306 0.42900
2 563 33 1 -1311 0.44900
2 564 33 2 -1193 0.14200
2 565 33 3 -1437 1.37000
2 566 33 4 -1208 0.16500
2 567 33 5 -1229 0.20300
2 568 33 6 -1267 0.29500
2 569 33 7 -1333 0.54800
2 570 33 8 -1471 1.83600
2 571 33 9 -1203 0.15700
