3 1 0 0 39 0.33700
3 2 0 1 97 0.76600
3 3 0 2 5B 0.44000
3 4 0 3 99 0.77900
3 5 0 4 BE 1.37500
3 6 0 5 BA 1.25400
3 7 0 6 EE 5.04400
3 8 0 7 FF 29.08100
3 9 0 8 F7 6.56100
3 10 0 9 E8 4.16600
3 11 0 10 FF 10.43600
3 12 0 11 F2 5.68600
3 13 1 0 86 0.64600
3 14 1 1 0 0.17300
3 15 1 2 5D 0.44800
3 16 1 3 5C 0.44500
3 17 1 4 A3 0.75900
3 18 1 5 C5 1.64500
3 19 1 6 D2 2.30700
3 20 1 7 F1 5.38700
3 21 1 8 EB 4.60500
3 22 1 9 FF 10.68200
3 23 1 10 FD 7.83000
3 24 1 11 EF 5.06200
3 25 2 0 0 0.13000
3 26 2 1 0 0.21900
3 27 2 2 8F 0.70200
3 28 2 3 C2 1.23500
3 29 2 4 84 0.40200
3 30 2 5 BD 1.34800
3 31 2 6 E0 3.30000
3 32 2 7 DE 3.15600
3 33 2 8 F3 5.83100
3 34 2 9 CF 2.12100
3 35 2 10 F3 5.73300
3 36 2 11 EF 5.16000
3 37 3 0 0 0.14900
3 38 3 1 0 0.20600
3 39 3 2 8B 0.67900
3 40 3 3 8A 0.67000
3 41 3 4 8C 0.47100
3 42 3 5 AE 0.96400
3 43 3 6 AB 0.89300
3 44 3 7 EE 5.00000
3 45 3 8 B3 1.08100
3 46 3 9 DE 3.14300
3 47 3 10 F1 5.37500
3 48 3 11 F4 5.92900
3 49 4 0 0 0.18100
3 50 4 1 0 0.19400
3 51 4 2 0 0.11800
3 52 4 3 6E 0.51800
3 53 4 4 B7 1.16300
3 54 4 5 7B 0.33900
3 55 4 6 A0 0.69900
3 56 4 7 EE 5.01300
3 57 4 8 C3 1.57500
3 58 4 9 E5 3.79500
3 59 4 10 FF 9.12500
3 60 4 11 EC 4.69200
3 61 5 0 0 0.21600
3 62 5 1 0 0.06300
3 63 5 2 5 0.23600
3 64 5 3 B0 1.00000
3 65 5 4 7F 0.36700
3 66 5 5 62 0.21800
3 67 5 6 76 0.31300
3 68 5 7 5F 0.20800
3 69 5 8 9E 0.67900
3 70 5 9 D8 2.69600
3 71 5 10 F0 5.24400
3 72 5 11 D6 2.55700
3 73 6 0 0 0.09600
3 74 6 1 0 0.10700
3 75 6 2 2A 0.30200
3 76 6 3 19 0.26900
3 77 6 4 11 0.06600
3 78 6 5 55 0.17800
3 79 6 6 7B 0.33800
3 80 6 7 AF 0.96800
3 81 6 8 B5 1.12000
3 82 6 9 A0 0.71000
3 83 6 10 AD 0.93400
3 84 6 11 A9 0.84800
3 90 7 5 9D 0.66500
3 91 7 6 69 0.24700
3 92 7 7 58 0.18500
3 93 7 8 BA 1.27100
3 94 7 9 AB 0.88500
3 95 7 10 E0 3.32400
3 96 7 11 D6 2.56400
3 102 8 5 4B 0.38600
3 103 8 6 DC 1.73600
3 104 8 7 D0 1.48200
3 105 8 8 6E 0.51600
3 106 8 9 7B 0.58100
3 107 8 10 FF 3.68800
3 108 8 11 A8 0.91000
3 114 9 5 6E 0.51700
3 115 9 6 96 0.75600
3 116 9 7 DA 1.68000
3 117 9 8 8A 0.66800
3 118 9 9 6D 0.51200
3 119 9 10 C5 1.28600
3 120 9 11 D6 1.59600
3 126 10 5 0 0.11100
3 127 10 6 0 0.22800
3 128 10 7 E6 1.99800
3 129 10 8 16 0.26300
3 130 10 9 8E 0.69700
3 131 10 10 0 0.20000
3 132 10 11 FF 5.00500
3 138 11 5 65 0.47700
3 139 11 6 7E 0.59700
3 140 11 7 A7 0.90900
3 141 11 8 A2 0.86100
3 142 11 9 11 0.25400
3 143 11 10 A7 0.90200
3 144 11 11 9D 0.81100
3 150 12 5 9D 0.81500
3 151 12 6 E2 1.89100
3 152 12 7 64 0.47500
3 153 12 8 89 0.66700
3 154 12 9 E1 1.85300
3 155 12 10 88 0.65600
3 156 12 11 97 0.76100
3 162 13 5 0 0.18300
3 163 13 6 4E 0.39500
3 164 13 7 CA 1.35900
3 165 13 8 AD 0.97200
3 166 13 9 80 0.61200
3 167 13 10 0 0.19800
3 168 13 11 61 0.46400
3 174 14 5 6A 0.49800
3 175 14 6 D0 1.47000
3 176 14 7 FF 11.27700
3 177 14 8 6C 0.50800
3 178 14 9 BF 1.18900
3 179 14 10 91 0.71600
3 180 14 11 A5 0.88500
3 186 15 5 0 0.19600
3 187 15 6 DC 1.73100
3 188 15 7 2D 0.30800
3 189 15 8 5E 0.45200
3 190 15 9 21 0.28400
3 191 15 10 FF 6.50100
3 192 15 11 66 0.48100
3 198 16 5 B9 1.22600
3 199 16 6 B9 1.22100
3 200 16 7 F7 6.57500
3 201 16 8 B1 1.03300
3 202 16 9 CC 1.93900
3 203 16 10 B6 1.15400
3 204 16 11 F7 6.48600
3 205 17 0 FF 8.20200
3 206 17 1 B0 1.00000
3 207 17 2 A9 0.92600
3 208 17 3 9E 0.82200
3 209 17 4 B9 1.22600
3 210 17 5 B9 1.22200
3 211 17 6 C7 1.73300
3 212 17 7 B0 1.00000
3 213 17 8 9B 0.64100
3 214 17 9 9D 0.66400
3 215 17 10 B0 1.00000
3 216 17 11 9E 0.67900
3 217 18 0 FF 9.53900
3 218 18 1 FF 9.99700
3 219 18 2 E4 1.94800
3 220 18 3 FF 7.83700
3 221 18 4 B9 1.21900
3 222 18 5 76 0.30900
3 223 18 6 D8 2.63900
3 224 18 7 88 0.43300
3 225 18 8 AE 0.95700
3 226 18 9 B0 1.00500
3 227 18 10 E2 3.56200
3 228 18 11 DD 3.08400
3 229 19 0 FF 8.77300
3 230 19 1 FF 4.10700
3 231 19 2 BD 1.16400
3 232 19 3 FF 23.55700
3 233 19 4 CC 1.94400
3 234 19 5 A9 0.85400
3 235 19 6 A4 0.77600
3 236 19 7 AC 0.91700
3 237 19 8 CE 2.07700
3 238 19 9 F2 5.61100
3 239 19 10 F0 5.27800
3 240 19 11 FF 8.82900
3 241 20 0 FF 9.48600
3 242 20 1 FF 6.02700
3 243 20 2 A6 0.89800
3 244 20 3 FF 7.58600
3 245 20 4 CF 2.10900
3 246 20 5 EE 5.00000
3 247 20 6 9F 0.69400
3 248 20 7 BC 1.33300
3 249 20 8 EF 5.09200
3 250 20 9 DC 2.95100
3 251 20 10 F2 5.62000
3 252 20 11 94 0.55300
3 253 21 0 FF 7.58500
3 254 21 1 FF 13.58400
3 255 21 2 B4 1.05200
3 256 21 3 FF 6.55300
3 257 21 4 AB 0.88600
3 258 21 5 C8 1.78500
3 259 21 6 F1 5.44800
3 260 21 7 FF 8.71700
3 261 21 8 F6 6.32800
3 262 21 9 B0 1.00000
3 263 21 10 B0 1.00000
3 264 21 11 EF 5.08900
3 265 22 0 FF 5.55100
3 266 22 1 FF 12.42100
3 267 22 2 68 0.49200
3 268 22 3 8D 0.69400
3 269 22 4 9E 0.67200
3 270 22 5 AF 0.98600
3 271 22 6 E9 4.28800
3 272 22 7 FC 7.60200
3 273 22 8 FF 8.46500
3 274 22 9 FF 9.53500
3 275 22 10 F6 6.27400
3 276 22 11 DF 3.22300
3 277 23 0 B4 1.04600
3 278 23 1 E0 1.84000
3 279 23 2 B9 1.10500
3 280 23 3 C0 1.21000
3 281 23 4 9A 0.62300
3 282 23 5 C3 1.55200
3 283 23 6 FF 9.54700
3 284 23 7 E0 3.31700
3 285 23 8 FD 7.83900
3 286 23 9 F6 6.40400
3 287 23 10 FF 8.98200
3 288 23 11 99 0.60600
4 1 0 0 74 0.54400
4 2 0 1 4A 0.38300
4 3 0 2 67 0.48800
4 4 0 3 BA 1.12800
4 5 0 4 AA 0.88200
4 6 0 5 D7 2.60700
4 7 0 6 D1 2.22100
4 8 0 7 F7 6.49900
4 9 0 8 EE 5.00000
4 10 0 9 FF 8.42000
4 11 0 10 B3 1.06200
4 12 0 11 E1 3.40900
4 13 1 0 1A 0.27100
4 14 1 1 70 0.52500
4 15 1 2 B1 1.01100
4 16 1 3 4D 0.39200
4 17 1 4 A4 0.76300
4 18 1 5 A7 0.82800
4 19 1 6 D3 2.33200
4 20 1 7 D1 2.20200
4 21 1 8 EB 4.50800
4 22 1 9 FF 8.84300
4 23 1 10 ED 4.79100
4 24 1 11 F9 7.04400
4 25 2 0 0 0.10800
4 26 2 1 5F 0.45600
4 27 2 2 5E 0.45200
4 28 2 3 B9 1.11300
4 29 2 4 D7 2.60700
4 30 2 5 B2 1.03700
4 31 2 6 AD 0.92500
4 32 2 7 FF 13.61900
4 33 2 8 E1 3.40700
4 34 2 9 E9 4.30200
4 35 2 10 F8 6.82800
4 36 2 11 F9 6.92500
4 37 3 0 3D 0.34600
4 38 3 1 61 0.46300
4 39 3 2 82 0.62100
4 40 3 3 B2 1.02600
4 41 3 4 AD 0.93100
4 42 3 5 CA 1.87200
4 43 3 6 C4 1.60000
4 44 3 7 B7 1.16700
4 45 3 8 CF 2.12600
4 46 3 9 C2 1.53000
4 47 3 10 F6 6.32800
4 48 3 11 F1 5.42200
4 49 4 0 59 0.43400
4 50 4 1 16 0.26300
4 51 4 2 F3 2.42700
4 52 4 3 93 0.73000
4 53 4 4 8F 0.50300
4 54 4 5 B9 1.24200
4 55 4 6 AA 0.88400
4 56 4 7 CA 1.86500
4 57 4 8 AC 0.91200
4 58 4 9 B0 1.00000
4 59 4 10 FF 9.38000
4 60 4 11 EE 4.90900
4 61 5 0 10 0.25300
4 62 5 1 B2 1.01900
4 63 5 2 0 0.09800
4 64 5 3 17 0.26400
4 65 5 4 6C 0.26100
4 66 5 5 C3 1.54400
4 67 5 6 B3 1.08200
4 68 5 7 E2 3.52900
4 69 5 8 BA 1.25500
4 70 5 9 EA 4.36600
4 71 5 10 E8 4.17900
4 72 5 11 FF 10.15600
4 73 6 0 0 0.20100
4 74 6 1 0 0.19400
4 75 6 2 15 0.26200
4 76 6 3 0 0.12400
4 77 6 4 94 0.54900
4 78 6 5 86 0.41600
4 79 6 6 CE 2.05600
4 80 6 7 B0 1.00000
4 81 6 8 E1 3.38900
4 82 6 9 D7 2.58700
4 83 6 10 CA 1.85300
4 84 6 11 F1 5.46900
4 90 7 5 B4 1.09100
4 91 7 6 88 0.43200
4 92 7 7 EB 4.62000
4 93 7 8 C9 1.79000
4 94 7 9 DE 3.13900
4 95 7 10 ED 4.84400
4 96 7 11 F8 6.84400
4 102 8 5 FF 11.38100
4 103 8 6 DF 1.80200
4 104 8 7 FF 9.67200
4 105 8 8 D6 1.59200
4 106 8 9 7B 0.58300
4 107 8 10 9F 0.83100
4 108 8 11 FF 4.36900
4 114 9 5 67 0.48600
4 115 9 6 FF 11.32800
4 116 9 7 FF 5.01100
4 117 9 8 EB 2.15300
4 118 9 9 B0 1.00000
4 119 9 10 49 0.38000
4 120 9 11 ED 2.21700
4 126 10 5 7C 0.58600
4 127 10 6 5F 0.45500
4 128 10 7 BE 1.18200
4 129 10 8 A1 0.85100
4 130 10 9 B4 1.05200
4 131 10 10 7C 0.58700
4 132 10 11 FB 2.73100
4 138 11 5 C3 1.24800
4 139 11 6 8C 0.68500
4 140 11 7 70 0.52600
4 141 11 8 B3 1.03400
4 142 11 9 FF 5.48900
4 143 11 10 C5 1.28200
4 144 11 11 C7 1.31900
4 150 12 5 FF 5.00000
4 151 12 6 FF 3.11800
4 152 12 7 CA 1.37400
4 153 12 8 F2 2.39900
4 154 12 9 C4 1.26400
4 155 12 10 D0 1.48400
4 156 12 11 EA 2.10000
4 162 13 5 6E 0.51500
4 163 13 6 31 0.31800
4 164 13 7 FF 4.74700
4 165 13 8 FF 5.63100
4 166 13 9 FF 3.34300
4 167 13 10 D5 1.58000
4 168 13 11 A5 0.88400
4 174 14 5 FF 2.99600
4 175 14 6 FF 3.70400
4 176 14 7 FF 4.82100
4 177 14 8 9C 0.80700
4 178 14 9 FF 3.46400
4 179 14 10 9A 0.78900
4 180 14 11 F8 2.60900
4 186 15 5 B7 1.08400
4 187 15 6 FF 4.06200
4 188 15 7 FF 3.64200
4 189 15 8 BB 1.13900
4 190 15 9 B1 1.01400
4 191 15 10 E1 1.85900
4 192 15 11 99 0.78000
4 198 16 5 B0 1.00000
4 199 16 6 D4 2.40100
4 200 16 7 D1 2.20900
4 201 16 8 9B 0.63100
4 202 16 9 F4 6.06600
4 203 16 10 DB 2.85800
4 204 16 11 A1 0.72700
4 205 17 0 C2 1.23200
4 206 17 1 FF 4.17500
4 207 17 2 FF 5.22900
4 208 17 3 FF 9.59300
4 209 17 4 EE 5.00000
4 210 17 5 AA 0.86800
4 211 17 6 CB 1.91100
4 212 17 7 DE 3.10300
4 213 17 8 91 0.52200
4 214 17 9 C9 1.80800
4 215 17 10 B8 1.19800
4 216 17 11 BF 1.40000
4 217 18 0 6 0.23700
4 218 18 1 FF 9.18100
4 219 18 2 FF 7.83800
4 220 18 3 FF 8.79300
4 221 18 4 B9 1.21800
4 222 18 5 BE 1.37200
4 223 18 6 B2 1.03700
4 224 18 7 AD 0.94200
4 225 18 8 B7 1.17500
4 226 18 9 FF 8.36200
4 227 18 10 F8 6.84000
4 228 18 11 F7 6.45700
4 229 19 0 66 0.48100
4 230 19 1 BC 1.14900
4 231 19 2 FF 4.45300
4 232 19 3 C0 1.21300
4 233 19 4 B4 1.08300
4 234 19 5 99 0.61300
4 235 19 6 62 0.21900
4 236 19 7 9E 0.67900
4 237 19 8 AC 0.91200
4 238 19 9 E9 4.31500
4 239 19 10 FF 14.86100
4 240 19 11 FF 8.45300
4 241 20 0 FF 5.00000
4 242 20 1 BD 1.16400
4 243 20 2 ED 2.21900
4 244 20 3 FF 3.13300
4 245 20 4 DE 3.10500
4 246 20 5 FF 9.00700
4 247 20 6 A1 0.72700
4 248 20 7 E0 3.34100
4 249 20 8 CC 1.93900
4 250 20 9 FD 7.85400
4 251 20 10 FF 10.44900
4 252 20 11 AF 0.96700
4 253 21 0 FF 6.21200
4 254 21 1 C7 1.30900
4 255 21 2 2B 0.30500
4 256 21 3 FF 3.17100
4 257 21 4 AE 0.94900
4 258 21 5 B0 1.00000
4 259 21 6 E4 3.73000
4 260 21 7 FF 8.47600
4 261 21 8 E0 3.36400
4 262 21 9 DE 3.15200
4 263 21 10 FC 7.72000
4 264 21 11 FF 8.46100
4 265 22 0 F8 2.61800
4 266 22 1 F5 2.49900
4 267 22 2 FF 17.90100
4 268 22 3 BE 1.17400
4 269 22 4 B0 0.99900
4 270 22 5 89 0.44700
4 271 22 6 DE 3.14300
4 272 22 7 E7 4.02200
4 273 22 8 D6 2.54200
4 274 22 9 FF 8.39200
4 275 22 10 FF 8.97000
4 276 22 11 B5 1.13100
4 277 23 0 84 0.63000
4 278 23 1 5D 0.44800
4 279 23 2 B2 1.02400
4 280 23 3 43 0.36200
4 281 23 4 84 0.40200
4 282 23 5 E5 3.81400
4 283 23 6 E6 3.93800
4 284 23 7 E7 4.08600
4 285 23 8 D9 2.73000
4 286 23 9 DF 3.26500
4 287 23 10 F8 6.74300
4 288 23 11 36 0.11000
